Number of procs is 4
The number of threads is 2
Max number of threads is 2
4.8905e+09 -3.14597e+09 -7.77829e+09 -1.55322e+09 
-8.37778e+09 7.12881e+09 -2.40116e+07 -4.23714e+08 
3.81625e+09 6.69188e+09 -7.42003e+08 1.55276e+09 
6.79455e+08 -9.4822e+09 5.39624e+09 2.02273e+09 
Block is 0
Before Pivot
[4.8905e+09][-3.14597e+09][-7.77829e+09][-1.55322e+09]
[-8.37778e+09][7.12881e+09][-2.40116e+07][-4.23714e+08]
[3.81625e+09][6.69188e+09][-7.42003e+08][1.55276e+09]
[6.79455e+08][-9.4822e+09][5.39624e+09][2.02273e+09]

Swapping row 0 with row 0
After pivot
[4.8905e+09][-3.14597e+09][-7.77829e+09][-1.55322e+09]
[-8.37778e+09][7.12881e+09][-2.40116e+07][-4.23714e+08]
[3.81625e+09][6.69188e+09][-7.42003e+08][1.55276e+09]
[6.79455e+08][-9.4822e+09][5.39624e+09][2.02273e+09]

After conversion
[4.8905e+09][-3.14597e+09][-7.77829e+09][-1.55322e+09]
[0][1.73954e+09][-1.33488e+10][-3.08449e+09]
[0][9.1468e+09][5.3277e+09][2.7648e+09]
[0][-9.04512e+09][6.47691e+09][2.23852e+09]

Before Pivot
[4.8905e+09][-3.14597e+09][-7.77829e+09][-1.55322e+09]
[0][1.73954e+09][-1.33488e+10][-3.08449e+09]
[0][9.1468e+09][5.3277e+09][2.7648e+09]
[0][-9.04512e+09][6.47691e+09][2.23852e+09]

Swapping row 1 with row 2
After pivot
[4.8905e+09][-3.14597e+09][-7.77829e+09][-1.55322e+09]
[0][9.1468e+09][5.3277e+09][2.7648e+09]
[0][1.73954e+09][-1.33488e+10][-3.08449e+09]
[0][-9.04512e+09][6.47691e+09][2.23852e+09]

After conversion
[4.8905e+09][-3.14597e+09][-7.77829e+09][-1.55322e+09]
[0][9.1468e+09][5.3277e+09][2.7648e+09]
[0][0][-1.4362e+10][-3.6103e+09]
[0][0][1.17454e+10][4.97259e+09]

Before Pivot
[4.8905e+09][-3.14597e+09][-7.77829e+09][-1.55322e+09]
[0][9.1468e+09][5.3277e+09][2.7648e+09]
[0][0][-1.4362e+10][-3.6103e+09]
[0][0][1.17454e+10][4.97259e+09]

Swapping row 2 with row 2
After pivot
[4.8905e+09][-3.14597e+09][-7.77829e+09][-1.55322e+09]
[0][9.1468e+09][5.3277e+09][2.7648e+09]
[0][0][-1.4362e+10][-3.6103e+09]
[0][0][1.17454e+10][4.97259e+09]

After conversion
[4.8905e+09][-3.14597e+09][-7.77829e+09][-1.55322e+09]
[0][9.1468e+09][5.3277e+09][2.7648e+09]
[0][0][-1.4362e+10][-3.6103e+09]
[0][0][0][2.02005e+09]

Before Pivot
[4.8905e+09][-3.14597e+09][-7.77829e+09][-1.55322e+09]
[0][9.1468e+09][5.3277e+09][2.7648e+09]
[0][0][-1.4362e+10][-3.6103e+09]
[0][0][0][2.02005e+09]

Swapping row 3 with row 3
After pivot
[4.8905e+09][-3.14597e+09][-7.77829e+09][-1.55322e+09]
[0][9.1468e+09][5.3277e+09][2.7648e+09]
[0][0][-1.4362e+10][-3.6103e+09]
[0][0][0][2.02005e+09]

After conversion
[4.8905e+09][-3.14597e+09][-7.77829e+09][-1.55322e+09]
[0][9.1468e+09][5.3277e+09][2.7648e+09]
[0][0][-1.4362e+10][-3.6103e+09]
[0][0][0][2.02005e+09]


